taumax  =        5000.0000
lambda  =       0.55000000
smooth  =        1.0000000
