nphot       =       400000
iseed       =    -17933201
imethod     =        2
ifast       =        0
enthres     =      0.010000000
cntdump     =    100000000
irestart    =        0
itempdecoup =        1
iquantum    =        0
istarsurf   =        1
nphotdiff   =       15
errtol      =    1.0000000e-10
nvstr       =        0
vserrtol    =     0.0100000
ivstrt      =        1
ntemp       =     3000
temp0       =      0.010000000
temp1       =        1000000.0
