;
; Natural constants
;
AU     = 1.49597870d13
cc     = 2.99792458d10
RS     = 6.9599d10
MS     = 1.9891d33
LS     = 3.8525d33     
pc     = 3.085678d18
ss     = 5.6703d-5  
hh     = 6.6262000d-27
kk     = 1.3807d-16   
mp     = 1.6726231d-24  
GG     = 6.67259d-8 
TS     = 5.78d3
RG     = 8.3144d7
mu     = 2.3
amu    = 1.6605402d-24
year   = 3.1536d7       ; Year                    [s]
hour   = 3.6000d3       ; Hour                    [s]
day    = 8.64d4         ; Day                     [s]
